Sequential: 2.2896999979593602e-05 
Thread: 0.001450220999998919 
Process: 0.023516284000010046 
